 1.00000000e+01  1.00000000e+01  0.00000000e+00  1.00000000e+01 -4.38896450e-04  1.00000000e+01 -1.00527578e-02 
 1.02329299e+01  1.02329299e+01  0.00000000e+00  1.02329299e+01 -4.59579908e-04  1.02329299e+01 -1.02869003e-02 
 1.04712855e+01  1.04712855e+01  0.00000000e+00  1.04712855e+01 -4.81238042e-04  1.04712855e+01 -1.05264955e-02 
 1.07151931e+01  1.07151931e+01  0.00000000e+00  1.07151931e+01 -5.03916777e-04  1.07151931e+01 -1.07716703e-02 
 1.09647820e+01  1.09647820e+01  0.00000000e+00  1.09647820e+01 -5.27664200e-04  1.09647820e+01 -1.10225547e-02 
 1.12201845e+01  1.12201845e+01  0.00000000e+00  1.12201845e+01 -5.52530666e-04  1.12201845e+01 -1.12792814e-02 
 1.14815362e+01  1.14815362e+01  0.00000000e+00  1.14815362e+01 -5.78568899e-04  1.14815362e+01 -1.15419866e-02 
 1.17489755e+01  1.17489755e+01  0.00000000e+00  1.17489755e+01 -6.05834110e-04  1.17489755e+01 -1.18108093e-02 
 1.20226443e+01  1.20226443e+01  0.00000000e+00  1.20226443e+01 -6.34384106e-04  1.20226443e+01 -1.20858919e-02 
 1.23026877e+01  1.23026877e+01  0.00000000e+00  1.23026877e+01 -6.64279422e-04  1.23026877e+01 -1.23673801e-02 
 1.25892541e+01  1.25892541e+01  0.00000000e+00  1.25892541e+01 -6.95583439e-04  1.25892541e+01 -1.26554230e-02 
 1.28824955e+01  1.28824955e+01  0.00000000e+00  1.28824955e+01 -7.28362528e-04  1.28824955e+01 -1.29501731e-02 
 1.31825674e+01  1.31825674e+01  0.00000000e+00  1.31825674e+01 -7.62686183e-04  1.31825674e+01 -1.32517864e-02 
 1.34896288e+01  1.34896288e+01  0.00000000e+00  1.34896288e+01 -7.98627170e-04  1.34896288e+01 -1.35604228e-02 
 1.38038426e+01  1.38038426e+01  0.00000000e+00  1.38038426e+01 -8.36261686e-04  1.38038426e+01 -1.38762455e-02 
 1.41253754e+01  1.41253754e+01  0.00000000e+00  1.41253754e+01 -8.75669512e-04  1.41253754e+01 -1.41994218e-02 
 1.44543977e+01  1.44543977e+01  0.00000000e+00  1.44543977e+01 -9.16934188e-04  1.44543977e+01 -1.45301228e-02 
 1.47910839e+01  1.47910839e+01  0.00000000e+00  1.47910839e+01 -9.60143189e-04  1.47910839e+01 -1.48685236e-02 
 1.51356125e+01  1.51356125e+01  0.00000000e+00  1.51356125e+01 -1.00538811e-03  1.51356125e+01 -1.52148031e-02 
 1.54881662e+01  1.54881662e+01  0.00000000e+00  1.54881662e+01 -1.05276484e-03  1.54881662e+01 -1.55691448e-02 
 1.58489319e+01  1.58489319e+01  0.00000000e+00  1.58489319e+01 -1.10237383e-03  1.58489319e+01 -1.59317361e-02 
 1.62181010e+01  1.62181010e+01  0.00000000e+00  1.62181010e+01 -1.15432020e-03  1.62181010e+01 -1.63027689e-02 
 1.65958691e+01  1.65958691e+01  0.00000000e+00  1.65958691e+01 -1.20871407e-03  1.65958691e+01 -1.66824395e-02 
 1.69824365e+01  1.69824365e+01  0.00000000e+00  1.69824365e+01 -1.26567071e-03  1.69824365e+01 -1.70709489e-02 
 1.73780083e+01  1.73780083e+01  0.00000000e+00  1.73780083e+01 -1.32531083e-03  1.73780083e+01 -1.74685024e-02 
 1.77827941e+01  1.77827941e+01  0.00000000e+00  1.77827941e+01 -1.38776082e-03  1.77827941e+01 -1.78753104e-02 
 1.81970086e+01  1.81970086e+01  0.00000000e+00  1.81970086e+01 -1.45315304e-03  1.81970086e+01 -1.82915880e-02 
 1.86208714e+01  1.86208714e+01  0.00000000e+00  1.86208714e+01 -1.52162603e-03  1.86208714e+01 -1.87175555e-02 
 1.90546072e+01  1.90546072e+01  0.00000000e+00  1.90546072e+01 -1.59332491e-03  1.90546072e+01 -1.91534379e-02 
 1.94984460e+01  1.94984460e+01  0.00000000e+00  1.94984460e+01 -1.66840157e-03  1.94984460e+01 -1.95994659e-02 
 1.99526231e+01  1.99526231e+01  0.00000000e+00  1.99526231e+01 -1.74701510e-03  1.99526231e+01 -2.00558751e-02 
 2.04173794e+01  2.04173794e+01  0.00000000e+00  2.04173794e+01 -1.82933205e-03  2.04173794e+01 -2.05229067e-02 
 2.08929613e+01  2.08929613e+01  0.00000000e+00  2.08929613e+01 -1.91552680e-03  2.08929613e+01 -2.10008077e-02 
 2.13796209e+01  2.13796209e+01  0.00000000e+00  2.13796209e+01 -2.00578196e-03  2.13796209e+01 -2.14898305e-02 
 2.18776162e+01  2.18776162e+01  0.00000000e+00  2.18776162e+01 -2.10028869e-03  2.18776162e+01 -2.19902334e-02 
 2.23872114e+01  2.23872114e+01  0.00000000e+00  2.23872114e+01 -2.19924719e-03  2.23872114e+01 -2.25022808e-02 
 2.29086765e+01  2.29086765e+01  0.00000000e+00  2.29086765e+01 -2.30286704e-03  2.29086765e+01 -2.30262431e-02 
 2.34422882e+01  2.34422882e+01  0.00000000e+00  2.34422882e+01 -2.41136770e-03  2.34422882e+01 -2.35623970e-02 
 2.39883292e+01  2.39883292e+01  0.00000000e+00  2.39883292e+01 -2.52497893e-03  2.39883292e+01 -2.41110255e-02 
 2.45470892e+01  2.45470892e+01  0.00000000e+00  2.45470892e+01 -2.64394130e-03  2.45470892e+01 -2.46724181e-02 
 2.51188643e+01  2.51188643e+01  0.00000000e+00  2.51188643e+01 -2.76850671e-03  2.51188643e+01 -2.52468711e-02 
 2.57039578e+01  2.57039578e+01  0.00000000e+00  2.57039578e+01 -2.89893888e-03  2.57039578e+01 -2.58346877e-02 
 2.63026799e+01  2.63026799e+01  0.00000000e+00  2.63026799e+01 -3.03551392e-03  2.63026799e+01 -2.64361777e-02 
 2.69153480e+01  2.69153480e+01  0.00000000e+00  2.69153480e+01 -3.17852095e-03  2.69153480e+01 -2.70516584e-02 
 2.75422870e+01  2.75422870e+01  0.00000000e+00  2.75422870e+01 -3.32826264e-03  2.75422870e+01 -2.76814543e-02 
 2.81838293e+01  2.81838293e+01  0.00000000e+00  2.81838293e+01 -3.48505590e-03  2.81838293e+01 -2.83258973e-02 
 2.88403150e+01  2.88403150e+01  0.00000000e+00  2.88403150e+01 -3.64923254e-03  2.88403150e+01 -2.89853269e-02 
 2.95120923e+01  2.95120923e+01  0.00000000e+00  2.95120923e+01 -3.82113993e-03  2.95120923e+01 -2.96600905e-02 
 3.01995172e+01  3.01995172e+01  0.00000000e+00  3.01995172e+01 -4.00114178e-03  3.01995172e+01 -3.03505434e-02 
 3.09029543e+01  3.09029543e+01  0.00000000e+00  3.09029543e+01 -4.18961886e-03  3.09029543e+01 -3.10570491e-02 
 3.16227766e+01  3.16227766e+01  0.00000000e+00  3.16227766e+01 -4.38696982e-03  3.16227766e+01 -3.17799792e-02 
 3.23593657e+01  3.23593657e+01  0.00000000e+00  3.23593657e+01 -4.59361203e-03  3.23593657e+01 -3.25197142e-02 
 3.31131121e+01  3.31131121e+01  0.00000000e+00  3.31131121e+01 -4.80998245e-03  3.31131121e+01 -3.32766429e-02 
 3.38844156e+01  3.38844156e+01  0.00000000e+00  3.38844156e+01 -5.03653855e-03  3.38844156e+01 -3.40511633e-02 
 3.46736850e+01  3.46736850e+01  0.00000000e+00  3.46736850e+01 -5.27375923e-03  3.46736850e+01 -3.48436823e-02 
 3.54813389e+01  3.54813389e+01  0.00000000e+00  3.54813389e+01 -5.52214590e-03  3.54813389e+01 -3.56546160e-02 
 3.63078055e+01  3.63078055e+01  0.00000000e+00  3.63078055e+01 -5.78222344e-03  3.63078055e+01 -3.64843903e-02 
 3.71535229e+01  3.71535229e+01  0.00000000e+00  3.71535229e+01 -6.05454137e-03  3.71535229e+01 -3.73334405e-02 
 3.80189396e+01  3.80189396e+01  0.00000000e+00  3.80189396e+01 -6.33967495e-03  3.80189396e+01 -3.82022118e-02 
 3.89045145e+01  3.89045145e+01  0.00000000e+00  3.89045145e+01 -6.63822639e-03  3.89045145e+01 -3.90911597e-02 
 3.98107171e+01  3.98107171e+01  0.00000000e+00  3.98107171e+01 -6.95082614e-03  3.98107171e+01 -4.00007498e-02 
 4.07380278e+01  4.07380278e+01  0.00000000e+00  4.07380278e+01 -7.27813414e-03  4.07380278e+01 -4.09314584e-02 
 4.16869383e+01  4.16869383e+01  0.00000000e+00  4.16869383e+01 -7.62084126e-03  4.16869383e+01 -4.18837726e-02 
 4.26579519e+01  4.26579519e+01  0.00000000e+00  4.26579519e+01 -7.97967068e-03  4.26579519e+01 -4.28581904e-02 
 4.36515832e+01  4.36515832e+01  0.00000000e+00  4.36515832e+01 -8.35537944e-03  4.36515832e+01 -4.38552209e-02 
 4.46683592e+01  4.46683592e+01  0.00000000e+00  4.46683592e+01 -8.74875998e-03  4.46683592e+01 -4.48753849e-02 
 4.57088190e+01  4.57088190e+01  0.00000000e+00  4.57088190e+01 -9.16064178e-03  4.57088190e+01 -4.59192148e-02 
 4.67735141e+01  4.67735141e+01  0.00000000e+00  4.67735141e+01 -9.59189311e-03  4.67735141e+01 -4.69872550e-02 
 4.78630092e+01  4.78630092e+01  0.00000000e+00  4.78630092e+01 -1.00434228e-02  4.78630092e+01 -4.80800620e-02 
 4.89778819e+01  4.89778819e+01  0.00000000e+00  4.89778819e+01 -1.05161821e-02  4.89778819e+01 -4.91982047e-02 
 5.01187234e+01  5.01187234e+01  0.00000000e+00  5.01187234e+01 -1.10111667e-02  5.01187234e+01 -5.03422648e-02 
 5.12861384e+01  5.12861384e+01  0.00000000e+00  5.12861384e+01 -1.15294188e-02  5.12861384e+01 -5.15128370e-02 
 5.24807460e+01  5.24807460e+01  0.00000000e+00  5.24807460e+01 -1.20720291e-02  5.24807460e+01 -5.27105291e-02 
 5.37031796e+01  5.37031796e+01  0.00000000e+00  5.37031796e+01 -1.26401391e-02  5.37031796e+01 -5.39359623e-02 
 5.49540874e+01  5.49540874e+01  0.00000000e+00  5.49540874e+01 -1.32349437e-02  5.49540874e+01 -5.51897716e-02 
 5.62341325e+01  5.62341325e+01  0.00000000e+00  5.62341325e+01 -1.38576933e-02  5.62341325e+01 -5.64726060e-02 
 5.75439937e+01  5.75439937e+01  0.00000000e+00  5.75439937e+01 -1.45096964e-02  5.75439937e+01 -5.77851289e-02 
 5.88843655e+01  5.88843655e+01  0.00000000e+00  5.88843655e+01 -1.51923227e-02  5.88843655e+01 -5.91280181e-02 
 6.02559586e+01  6.02559586e+01  0.00000000e+00  6.02559586e+01 -1.59070051e-02  6.02559586e+01 -6.05019661e-02 
 6.16595002e+01  6.16595002e+01  0.00000000e+00  6.16595002e+01 -1.66552434e-02  6.16595002e+01 -6.19076807e-02 
 6.30957344e+01  6.30957344e+01  0.00000000e+00  6.30957344e+01 -1.74386070e-02  6.30957344e+01 -6.33458851e-02 
 6.45654229e+01  6.45654229e+01  0.00000000e+00  6.45654229e+01 -1.82587380e-02  6.45654229e+01 -6.48173178e-02 
 6.60693448e+01  6.60693448e+01  0.00000000e+00  6.60693448e+01 -1.91173546e-02  6.60693448e+01 -6.63227337e-02 
 6.76082975e+01  6.76082975e+01  0.00000000e+00  6.76082975e+01 -2.00162546e-02  6.76082975e+01 -6.78629036e-02 
 6.91830971e+01  6.91830971e+01  0.00000000e+00  6.91830971e+01 -2.09573191e-02  6.91830971e+01 -6.94386148e-02 
 7.07945784e+01  7.07945784e+01  0.00000000e+00  7.07945784e+01 -2.19425161e-02  7.07945784e+01 -7.10506716e-02 
 7.24435960e+01  7.24435960e+01  0.00000000e+00  7.24435960e+01 -2.29739045e-02  7.24435960e+01 -7.26998951e-02 
 7.41310241e+01  7.41310241e+01  0.00000000e+00  7.41310241e+01 -2.40536383e-02  7.41310241e+01 -7.43871238e-02 
 7.58577575e+01  7.58577575e+01  0.00000000e+00  7.58577575e+01 -2.51839708e-02  7.58577575e+01 -7.61132140e-02 
 7.76247117e+01  7.76247117e+01  0.00000000e+00  7.76247117e+01 -2.63672589e-02  7.76247117e+01 -7.78790395e-02 
 7.94328235e+01  7.94328235e+01  0.00000000e+00  7.94328235e+01 -2.76059682e-02  7.94328235e+01 -7.96854927e-02 
 8.12830516e+01  8.12830516e+01  0.00000000e+00  8.12830516e+01 -2.89026776e-02  8.12830516e+01 -8.15334841e-02 
 8.31763771e+01  8.31763771e+01  0.00000000e+00  8.31763771e+01 -3.02600841e-02  8.31763771e+01 -8.34239431e-02 
 8.51138038e+01  8.51138038e+01  0.00000000e+00  8.51138038e+01 -3.16810086e-02  8.51138038e+01 -8.53578178e-02 
 8.70963590e+01  8.70963590e+01  0.00000000e+00  8.70963590e+01 -3.31684012e-02  8.70963590e+01 -8.73360759e-02 
 8.91250938e+01  8.91250938e+01  0.00000000e+00  8.91250938e+01 -3.47253466e-02  8.91250938e+01 -8.93597042e-02 
 9.12010839e+01  9.12010839e+01  0.00000000e+00  9.12010839e+01 -3.63550705e-02  9.12010839e+01 -9.14297093e-02 
 9.33254301e+01  9.33254301e+01  0.00000000e+00  9.33254301e+01 -3.80609458e-02  9.33254301e+01 -9.35471179e-02 
 9.54992586e+01  9.54992586e+01  0.00000000e+00  9.54992586e+01 -3.98464986e-02  9.54992586e+01 -9.57129765e-02 
 9.77237221e+01  9.77237221e+01  0.00000000e+00  9.77237221e+01 -4.17154154e-02  9.77237221e+01 -9.79283522e-02 
 1.00000000e+02  1.00000000e+02  0.00000000e+00  1.00000000e+02 -4.36715500e-02  1.00000000e+02 -1.00194333e-01 
 1.02329299e+02  1.02329299e+02  0.00000000e+00  1.02329299e+02 -4.57189304e-02  1.02329299e+02 -1.02512026e-01 
 1.04712855e+02  1.04712855e+02  0.00000000e+00  1.04712855e+02 -4.78617669e-02  1.04712855e+02 -1.04882562e-01 
 1.07151931e+02  1.07151931e+02  0.00000000e+00  1.07151931e+02 -5.01044595e-02  1.07151931e+02 -1.07307090e-01 
 1.09647820e+02  1.09647820e+02  0.00000000e+00  1.09647820e+02 -5.24516064e-02  1.09647820e+02 -1.09786782e-01 
 1.12201845e+02  1.12201845e+02  0.00000000e+00  1.12201845e+02 -5.49080120e-02  1.12201845e+02 -1.12322831e-01 
 1.14815362e+02  1.14815362e+02  0.00000000e+00  1.14815362e+02 -5.74786963e-02  1.14815362e+02 -1.14916451e-01 
 1.17489755e+02  1.17489755e+02  0.00000000e+00  1.17489755e+02 -6.01689032e-02  1.17489755e+02 -1.17568877e-01 
 1.20226443e+02  1.20226443e+02  0.00000000e+00  1.20226443e+02 -6.29841107e-02  1.20226443e+02 -1.20281366e-01 
 1.23026877e+02  1.23026877e+02  0.00000000e+00  1.23026877e+02 -6.59300403e-02  1.23026877e+02 -1.23055197e-01 
 1.25892541e+02  1.25892541e+02  0.00000000e+00  1.25892541e+02 -6.90126669e-02  1.25892541e+02 -1.25891669e-01 
 1.28824955e+02  1.28824955e+02  0.00000000e+00  1.28824955e+02 -7.22382298e-02  1.28824955e+02 -1.28792105e-01 
 1.31825674e+02  1.31825674e+02  0.00000000e+00  1.31825674e+02 -7.56132431e-02  1.31825674e+02 -1.31757846e-01 
 1.34896288e+02  1.34896288e+02  0.00000000e+00  1.34896288e+02 -7.91445070e-02  1.34896288e+02 -1.34790256e-01 
 1.38038426e+02  1.38038426e+02  0.00000000e+00  1.38038426e+02 -8.28391194e-02  1.38038426e+02 -1.37890719e-01 
 1.41253754e+02  1.41253754e+02  0.00000000e+00  1.41253754e+02 -8.67044877e-02  1.41253754e+02 -1.41060642e-01 
 1.44543977e+02  1.44543977e+02  0.00000000e+00  1.44543977e+02 -9.07483412e-02  1.44543977e+02 -1.44301450e-01 
 1.47910839e+02  1.47910839e+02  0.00000000e+00  1.47910839e+02 -9.49787438e-02  1.47910839e+02 -1.47614588e-01 
 1.51356125e+02  1.51356125e+02  0.00000000e+00  1.51356125e+02 -9.94041069e-02  1.51356125e+02 -1.51001523e-01 
 1.54881662e+02  1.54881662e+02  0.00000000e+00  1.54881662e+02 -1.04033203e-01  1.54881662e+02 -1.54463738e-01 
 1.58489319e+02  1.58489319e+02  0.00000000e+00  1.58489319e+02 -1.08875179e-01  1.58489319e+02 -1.58002739e-01 
 1.62181010e+02  1.62181010e+02  0.00000000e+00  1.62181010e+02 -1.13939571e-01  1.62181010e+02 -1.61620046e-01 
 1.65958691e+02  1.65958691e+02  0.00000000e+00  1.65958691e+02 -1.19236318e-01  1.65958691e+02 -1.65317198e-01 
 1.69824365e+02  1.69824365e+02  0.00000000e+00  1.69824365e+02 -1.24775778e-01  1.69824365e+02 -1.69095751e-01 
 1.73780083e+02  1.73780083e+02  0.00000000e+00  1.73780083e+02 -1.30568742e-01  1.73780083e+02 -1.72957278e-01 
 1.77827941e+02  1.77827941e+02  0.00000000e+00  1.77827941e+02 -1.36626449e-01  1.77827941e+02 -1.76903363e-01 
 1.81970086e+02  1.81970086e+02  0.00000000e+00  1.81970086e+02 -1.42960604e-01  1.81970086e+02 -1.80935609e-01 
 1.86208714e+02  1.86208714e+02  0.00000000e+00  1.86208714e+02 -1.49583392e-01  1.86208714e+02 -1.85055627e-01 
 1.90546072e+02  1.90546072e+02  0.00000000e+00  1.90546072e+02 -1.56507494e-01  1.90546072e+02 -1.89265043e-01 
 1.94984460e+02  1.94984460e+02  0.00000000e+00  1.94984460e+02 -1.63746107e-01  1.94984460e+02 -1.93565492e-01 
 1.99526231e+02  1.99526231e+02  0.00000000e+00  1.99526231e+02 -1.71312956e-01  1.99526231e+02 -1.97958617e-01 
 2.04173794e+02  2.04173794e+02  0.00000000e+00  2.04173794e+02 -1.79222314e-01  2.04173794e+02 -2.02446069e-01 
 2.08929613e+02  2.08929613e+02  0.00000000e+00  2.08929613e+02 -1.87489019e-01  2.08929613e+02 -2.07029505e-01 
 2.13796209e+02  2.13796209e+02  0.00000000e+00  2.13796209e+02 -1.96128490e-01  2.13796209e+02 -2.11710582e-01 
 2.18776162e+02  2.18776162e+02  0.00000000e+00  2.18776162e+02 -2.05156743e-01  2.18776162e+02 -2.16490963e-01 
 2.23872114e+02  2.23872114e+02  0.00000000e+00  2.23872114e+02 -2.14590412e-01  2.23872114e+02 -2.21372308e-01 
 2.29086765e+02  2.29086765e+02  0.00000000e+00  2.29086765e+02 -2.24446762e-01  2.29086765e+02 -2.26356274e-01 
 2.34422882e+02  2.34422882e+02  0.00000000e+00  2.34422882e+02 -2.34743708e-01  2.34422882e+02 -2.31444513e-01 
 2.39883292e+02  2.39883292e+02  0.00000000e+00  2.39883292e+02 -2.45499832e-01  2.39883292e+02 -2.36638668e-01 
 2.45470892e+02  2.45470892e+02  0.00000000e+00  2.45470892e+02 -2.56734397e-01  2.45470892e+02 -2.41940372e-01 
 2.51188643e+02  2.51188643e+02  0.00000000e+00  2.51188643e+02 -2.68467364e-01  2.51188643e+02 -2.47351243e-01 
 2.57039578e+02  2.57039578e+02  0.00000000e+00  2.57039578e+02 -2.80719409e-01  2.57039578e+02 -2.52872882e-01 
 2.63026799e+02  2.63026799e+02  0.00000000e+00  2.63026799e+02 -2.93511936e-01  2.63026799e+02 -2.58506869e-01 
 2.69153480e+02  2.69153480e+02  0.00000000e+00  2.69153480e+02 -3.06867092e-01  2.69153480e+02 -2.64254761e-01 
 2.75422870e+02  2.75422870e+02  0.00000000e+00  2.75422870e+02 -3.20807778e-01  2.75422870e+02 -2.70118084e-01 
 2.81838293e+02  2.81838293e+02  0.00000000e+00  2.81838293e+02 -3.35357664e-01  2.81838293e+02 -2.76098336e-01 
 2.88403150e+02  2.88403150e+02  0.00000000e+00  2.88403150e+02 -3.50541199e-01  2.88403150e+02 -2.82196974e-01 
 2.95120923e+02  2.95120923e+02  0.00000000e+00  2.95120923e+02 -3.66383622e-01  2.95120923e+02 -2.88415418e-01 
 3.01995172e+02  3.01995172e+02  0.00000000e+00  3.01995172e+02 -3.82910966e-01  3.01995172e+02 -2.94755039e-01 
 3.09029543e+02  3.09029543e+02  0.00000000e+00  3.09029543e+02 -4.00150072e-01  3.09029543e+02 -3.01217160e-01 
 3.16227766e+02  3.16227766e+02  0.00000000e+00  3.16227766e+02 -4.18128588e-01  3.16227766e+02 -3.07803048e-01 
 3.23593657e+02  3.23593657e+02  0.00000000e+00  3.23593657e+02 -4.36874974e-01  3.23593657e+02 -3.14513909e-01 
 3.31131121e+02  3.31131121e+02  0.00000000e+00  3.31131121e+02 -4.56418505e-01  3.31131121e+02 -3.21350882e-01 
 3.38844156e+02  3.38844156e+02  0.00000000e+00  3.38844156e+02 -4.76789268e-01  3.38844156e+02 -3.28315034e-01 
 3.46736850e+02  3.46736850e+02  0.00000000e+00  3.46736850e+02 -4.98018157e-01  3.46736850e+02 -3.35407355e-01 
 3.54813389e+02  3.54813389e+02  0.00000000e+00  3.54813389e+02 -5.20136870e-01  3.54813389e+02 -3.42628751e-01 
 3.63078055e+02  3.63078055e+02  0.00000000e+00  3.63078055e+02 -5.43177896e-01  3.63078055e+02 -3.49980037e-01 
 3.71535229e+02  3.71535229e+02  0.00000000e+00  3.71535229e+02 -5.67174507e-01  3.71535229e+02 -3.57461931e-01 
 3.80189396e+02  3.80189396e+02  0.00000000e+00  3.80189396e+02 -5.92160736e-01  3.80189396e+02 -3.65075049e-01 
 3.89045145e+02  3.89045145e+02  0.00000000e+00  3.89045145e+02 -6.18171362e-01  3.89045145e+02 -3.72819897e-01 
 3.98107171e+02  3.98107171e+02  0.00000000e+00  3.98107171e+02 -6.45241889e-01  3.98107171e+02 -3.80696863e-01 
 4.07380278e+02  4.07380278e+02  0.00000000e+00  4.07380278e+02 -6.73408513e-01  4.07380278e+02 -3.88706212e-01 
 4.16869383e+02  4.16869383e+02  0.00000000e+00  4.16869383e+02 -7.02708095e-01  4.16869383e+02 -3.96848081e-01 
 4.26579519e+02  4.26579519e+02  0.00000000e+00  4.26579519e+02 -7.33178124e-01  4.26579519e+02 -4.05122467e-01 
 4.36515832e+02  4.36515832e+02  0.00000000e+00  4.36515832e+02 -7.64856679e-01  4.36515832e+02 -4.13529224e-01 
 4.46683592e+02  4.46683592e+02  0.00000000e+00  4.46683592e+02 -7.97782384e-01  4.46683592e+02 -4.22068056e-01 
 4.57088190e+02  4.57088190e+02  0.00000000e+00  4.57088190e+02 -8.31994357e-01  4.57088190e+02 -4.30738508e-01 
 4.67735141e+02  4.67735141e+02  0.00000000e+00  4.67735141e+02 -8.67532156e-01  4.67735141e+02 -4.39539962e-01 
 4.78630092e+02  4.78630092e+02  0.00000000e+00  4.78630092e+02 -9.04435726e-01  4.78630092e+02 -4.48471629e-01 
 4.89778819e+02  4.89778819e+02  0.00000000e+00  4.89778819e+02 -9.42745325e-01  4.89778819e+02 -4.57532543e-01 
 5.01187234e+02  5.01187234e+02  0.00000000e+00  5.01187234e+02 -9.82501466e-01  5.01187234e+02 -4.66721557e-01 
 5.12861384e+02  5.12861384e+02  0.00000000e+00  5.12861384e+02 -1.02374483e+00  5.12861384e+02 -4.76037334e-01 
 5.24807460e+02  5.24807460e+02  0.00000000e+00  5.24807460e+02 -1.06651621e+00  5.24807460e+02 -4.85478346e-01 
 5.37031796e+02  5.37031796e+02  0.00000000e+00  5.37031796e+02 -1.11085641e+00  5.37031796e+02 -4.95042865e-01 
 5.49540874e+02  5.49540874e+02  0.00000000e+00  5.49540874e+02 -1.15680613e+00  5.49540874e+02 -5.04728961e-01 
 5.62341325e+02  5.62341325e+02  0.00000000e+00  5.62341325e+02 -1.20440595e+00  5.62341325e+02 -5.14534501e-01 
 5.75439937e+02  5.75439937e+02  0.00000000e+00  5.75439937e+02 -1.25369616e+00  5.75439937e+02 -5.24457139e-01 
 5.88843655e+02  5.88843655e+02  0.00000000e+00  5.88843655e+02 -1.30471668e+00  5.88843655e+02 -5.34494321e-01 
 6.02559586e+02  6.02559586e+02  0.00000000e+00  6.02559586e+02 -1.35750699e+00  6.02559586e+02 -5.44643278e-01 
 6.16595002e+02  6.16595002e+02  0.00000000e+00  6.16595002e+02 -1.41210598e+00  6.16595002e+02 -5.54901027e-01 
 6.30957344e+02  6.30957344e+02  0.00000000e+00  6.30957344e+02 -1.46855184e+00  6.30957344e+02 -5.65264374e-01 
 6.45654229e+02  6.45654229e+02  0.00000000e+00  6.45654229e+02 -1.52688199e+00  6.45654229e+02 -5.75729907e-01 
 6.60693448e+02  6.60693448e+02  0.00000000e+00  6.60693448e+02 -1.58713294e+00  6.60693448e+02 -5.86294006e-01 
 6.76082975e+02  6.76082975e+02  0.00000000e+00  6.76082975e+02 -1.64934014e+00  6.76082975e+02 -5.96952840e-01 
 6.91830971e+02  6.91830971e+02  0.00000000e+00  6.91830971e+02 -1.71353795e+00  6.91830971e+02 -6.07702373e-01 
 7.07945784e+02  7.07945784e+02  0.00000000e+00  7.07945784e+02 -1.77975945e+00  7.07945784e+02 -6.18538367e-01 
 7.24435960e+02  7.24435960e+02  0.00000000e+00  7.24435960e+02 -1.84803635e+00  7.24435960e+02 -6.29456390e-01 
 7.41310241e+02  7.41310241e+02  0.00000000e+00  7.41310241e+02 -1.91839890e+00  7.41310241e+02 -6.40451817e-01 
 7.58577575e+02  7.58577575e+02  0.00000000e+00  7.58577575e+02 -1.99087575e+00  7.58577575e+02 -6.51519846e-01 
 7.76247117e+02  7.76247117e+02  0.00000000e+00  7.76247117e+02 -2.06549386e+00  7.76247117e+02 -6.62655497e-01 
 7.94328235e+02  7.94328235e+02  0.00000000e+00  7.94328235e+02 -2.14227841e+00  7.94328235e+02 -6.73853629e-01 
 8.12830516e+02  8.12830516e+02  0.00000000e+00  8.12830516e+02 -2.22125266e+00  8.12830516e+02 -6.85108947e-01 
 8.31763771e+02  8.31763771e+02  0.00000000e+00  8.31763771e+02 -2.30243793e+00  8.31763771e+02 -6.96416011e-01 
 8.51138038e+02  8.51138038e+02  0.00000000e+00  8.51138038e+02 -2.38585344e+00  8.51138038e+02 -7.07769253e-01 
 8.70963590e+02  8.70963590e+02  0.00000000e+00  8.70963590e+02 -2.47151630e+00  8.70963590e+02 -7.19162986e-01 
 8.91250938e+02  8.91250938e+02  0.00000000e+00  8.91250938e+02 -2.55944138e+00  8.91250938e+02 -7.30591420e-01 
 9.12010839e+02  9.12010839e+02  0.00000000e+00  9.12010839e+02 -2.64964129e+00  9.12010839e+02 -7.42048673e-01 
 9.33254301e+02  9.33254301e+02  0.00000000e+00  9.33254301e+02 -2.74212633e+00  9.33254301e+02 -7.53528789e-01 
 9.54992586e+02  9.54992586e+02  0.00000000e+00  9.54992586e+02 -2.83690441e+00  9.54992586e+02 -7.65025753e-01 
 9.77237221e+02  9.77237221e+02  0.00000000e+00  9.77237221e+02 -2.93398106e+00  9.77237221e+02 -7.76533504e-01 
 1.00000000e+03  1.00000000e+03  0.00000000e+00  1.00000000e+03 -3.03335936e+00  1.00000000e+03 -7.88045952e-01 
 1.02329299e+03  1.02329299e+03  0.00000000e+00  1.02329299e+03 -3.13503998e+00  1.02329299e+03 -7.99556998e-01 
 1.04712855e+03  1.04712855e+03  0.00000000e+00  1.04712855e+03 -3.23902114e+00  1.04712855e+03 -8.11060541e-01 
 1.07151931e+03  1.07151931e+03  0.00000000e+00  1.07151931e+03 -3.34529862e+00  1.07151931e+03 -8.22550506e-01 
 1.09647820e+03  1.09647820e+03  0.00000000e+00  1.09647820e+03 -3.45386580e+00  1.09647820e+03 -8.34020850e-01 
 1.12201845e+03  1.12201845e+03  0.00000000e+00  1.12201845e+03 -3.56471366e+00  1.12201845e+03 -8.45465583e-01 
 1.14815362e+03  1.14815362e+03  0.00000000e+00  1.14815362e+03 -3.67783084e+00  1.14815362e+03 -8.56878780e-01 
 1.17489755e+03  1.17489755e+03  0.00000000e+00  1.17489755e+03 -3.79320367e+00  1.17489755e+03 -8.68254602e-01 
 1.20226443e+03  1.20226443e+03  0.00000000e+00  1.20226443e+03 -3.91081626e+00  1.20226443e+03 -8.79587303e-01 
 1.23026877e+03  1.23026877e+03  0.00000000e+00  1.23026877e+03 -4.03065051e+00  1.23026877e+03 -8.90871249e-01 
 1.25892541e+03  1.25892541e+03  0.00000000e+00  1.25892541e+03 -4.15268623e+00  1.25892541e+03 -9.02100930e-01 
 1.28824955e+03  1.28824955e+03  0.00000000e+00  1.28824955e+03 -4.27690118e+00  1.28824955e+03 -9.13270972e-01 
 1.31825674e+03  1.31825674e+03  0.00000000e+00  1.31825674e+03 -4.40327123e+00  1.31825674e+03 -9.24376148e-01 
 1.34896288e+03  1.34896288e+03  0.00000000e+00  1.34896288e+03 -4.53177035e+00  1.34896288e+03 -9.35411390e-01 
 1.38038426e+03  1.38038426e+03  0.00000000e+00  1.38038426e+03 -4.66237079e+00  1.38038426e+03 -9.46371799e-01 
 1.41253754e+03  1.41253754e+03  0.00000000e+00  1.41253754e+03 -4.79504316e+00  1.41253754e+03 -9.57252654e-01 
 1.44543977e+03  1.44543977e+03  0.00000000e+00  1.44543977e+03 -4.92975652e+00  1.44543977e+03 -9.68049417e-01 
 1.47910839e+03  1.47910839e+03  0.00000000e+00  1.47910839e+03 -5.06647852e+00  1.47910839e+03 -9.78757746e-01 
 1.51356125e+03  1.51356125e+03  0.00000000e+00  1.51356125e+03 -5.20517547e+00  1.51356125e+03 -9.89373494e-01 
 1.54881662e+03  1.54881662e+03  0.00000000e+00  1.54881662e+03 -5.34581251e+00  1.54881662e+03 -9.99892719e-01 
 1.58489319e+03  1.58489319e+03  0.00000000e+00  1.58489319e+03 -5.48835366e+00  1.58489319e+03 -1.01031169e+00 
 1.62181010e+03  1.62181010e+03  0.00000000e+00  1.62181010e+03 -5.63276200e+00  1.62181010e+03 -1.02062687e+00 
 1.65958691e+03  1.65958691e+03  0.00000000e+00  1.65958691e+03 -5.77899974e+00  1.65958691e+03 -1.03083496e+00 
 1.69824365e+03  1.69824365e+03  0.00000000e+00  1.69824365e+03 -5.92702835e+00  1.69824365e+03 -1.04093287e+00 
 1.73780083e+03  1.73780083e+03  0.00000000e+00  1.73780083e+03 -6.07680865e+00  1.73780083e+03 -1.05091769e+00 
 1.77827941e+03  1.77827941e+03  0.00000000e+00  1.77827941e+03 -6.22830096e+00  1.77827941e+03 -1.06078677e+00 
 1.81970086e+03  1.81970086e+03  0.00000000e+00  1.81970086e+03 -6.38146515e+00  1.81970086e+03 -1.07053765e+00 
 1.86208714e+03  1.86208714e+03  0.00000000e+00  1.86208714e+03 -6.53626082e+00  1.86208714e+03 -1.08016808e+00 
 1.90546072e+03  1.90546072e+03  0.00000000e+00  1.90546072e+03 -6.69264730e+00  1.90546072e+03 -1.08967601e+00 
 1.94984460e+03  1.94984460e+03  0.00000000e+00  1.94984460e+03 -6.85058382e+00  1.94984460e+03 -1.09905962e+00 
 1.99526231e+03  1.99526231e+03  0.00000000e+00  1.99526231e+03 -7.01002960e+00  1.99526231e+03 -1.10831727e+00 
 2.04173794e+03  2.04173794e+03  0.00000000e+00  2.04173794e+03 -7.17094387e+00  2.04173794e+03 -1.11744752e+00 
 2.08929613e+03  2.08929613e+03  0.00000000e+00  2.08929613e+03 -7.33328602e+00  2.08929613e+03 -1.12644911e+00 
 2.13796209e+03  2.13796209e+03  0.00000000e+00  2.13796209e+03 -7.49701564e+00  2.13796209e+03 -1.13532100e+00 
 2.18776162e+03  2.18776162e+03  0.00000000e+00  2.18776162e+03 -7.66209262e+00  2.18776162e+03 -1.14406228e+00 
 2.23872114e+03  2.23872114e+03  0.00000000e+00  2.23872114e+03 -7.82847718e+00  2.23872114e+03 -1.15267226e+00 
 2.29086765e+03  2.29086765e+03  0.00000000e+00  2.29086765e+03 -7.99612996e+00  2.29086765e+03 -1.16115039e+00 
 2.34422882e+03  2.34422882e+03  0.00000000e+00  2.34422882e+03 -8.16501206e+00  2.34422882e+03 -1.16949628e+00 
 2.39883292e+03  2.39883292e+03  0.00000000e+00  2.39883292e+03 -8.33508509e+00  2.39883292e+03 -1.17770972e+00 
 2.45470892e+03  2.45470892e+03  0.00000000e+00  2.45470892e+03 -8.50631126e+00  2.45470892e+03 -1.18579063e+00 
 2.51188643e+03  2.51188643e+03  0.00000000e+00  2.51188643e+03 -8.67865334e+00  2.51188643e+03 -1.19373906e+00 
 2.57039578e+03  2.57039578e+03  0.00000000e+00  2.57039578e+03 -8.85207479e+00  2.57039578e+03 -1.20155522e+00 
 2.63026799e+03  2.63026799e+03  0.00000000e+00  2.63026799e+03 -9.02653973e+00  2.63026799e+03 -1.20923942e+00 
 2.69153480e+03  2.69153480e+03  0.00000000e+00  2.69153480e+03 -9.20201297e+00  2.69153480e+03 -1.21679211e+00 
 2.75422870e+03  2.75422870e+03  0.00000000e+00  2.75422870e+03 -9.37846008e+00  2.75422870e+03 -1.22421384e+00 
 2.81838293e+03  2.81838293e+03  0.00000000e+00  2.81838293e+03 -9.55584737e+00  2.81838293e+03 -1.23150529e+00 
 2.88403150e+03  2.88403150e+03  0.00000000e+00  2.88403150e+03 -9.73414194e+00  2.88403150e+03 -1.23866721e+00 
 2.95120923e+03  2.95120923e+03  0.00000000e+00  2.95120923e+03 -9.91331165e+00  2.95120923e+03 -1.24570046e+00 
 3.01995172e+03  3.01995172e+03  0.00000000e+00  3.01995172e+03 -1.00933252e+01  3.01995172e+03 -1.25260598e+00 
 3.09029543e+03  3.09029543e+03  0.00000000e+00  3.09029543e+03 -1.02741520e+01  3.09029543e+03 -1.25938481e+00 
 3.16227766e+03  3.16227766e+03  0.00000000e+00  3.16227766e+03 -1.04557624e+01  3.16227766e+03 -1.26603804e+00 
 3.23593657e+03  3.23593657e+03  0.00000000e+00  3.23593657e+03 -1.06381275e+01  3.23593657e+03 -1.27256685e+00 
 3.31131121e+03  3.31131121e+03  0.00000000e+00  3.31131121e+03 -1.08212191e+01  3.31131121e+03 -1.27897246e+00 
 3.38844156e+03  3.38844156e+03  0.00000000e+00  3.38844156e+03 -1.10050101e+01  3.38844156e+03 -1.28525618e+00 
 3.46736850e+03  3.46736850e+03  0.00000000e+00  3.46736850e+03 -1.11894740e+01  3.46736850e+03 -1.29141934e+00 
 3.54813389e+03  3.54813389e+03  0.00000000e+00  3.54813389e+03 -1.13745850e+01  3.54813389e+03 -1.29746334e+00 
 3.63078055e+03  3.63078055e+03  0.00000000e+00  3.63078055e+03 -1.15603183e+01  3.63078055e+03 -1.30338963e+00 
 3.71535229e+03  3.71535229e+03  0.00000000e+00  3.71535229e+03 -1.17466498e+01  3.71535229e+03 -1.30919967e+00 
 3.80189396e+03  3.80189396e+03  0.00000000e+00  3.80189396e+03 -1.19335563e+01  3.80189396e+03 -1.31489498e+00 
 3.89045145e+03  3.89045145e+03  0.00000000e+00  3.89045145e+03 -1.21210150e+01  3.89045145e+03 -1.32047709e+00 
 3.98107171e+03  3.98107171e+03  0.00000000e+00  3.98107171e+03 -1.23090044e+01  3.98107171e+03 -1.32594758e+00 
 4.07380278e+03  4.07380278e+03  0.00000000e+00  4.07380278e+03 -1.24975032e+01  4.07380278e+03 -1.33130804e+00 
 4.16869383e+03  4.16869383e+03  0.00000000e+00  4.16869383e+03 -1.26864911e+01  4.16869383e+03 -1.33656007e+00 
 4.26579519e+03  4.26579519e+03  0.00000000e+00  4.26579519e+03 -1.28759485e+01  4.26579519e+03 -1.34170531e+00 
 4.36515832e+03  4.36515832e+03  0.00000000e+00  4.36515832e+03 -1.30658565e+01  4.36515832e+03 -1.34674538e+00 
 4.46683592e+03  4.46683592e+03  0.00000000e+00  4.46683592e+03 -1.32561968e+01  4.46683592e+03 -1.35168194e+00 
 4.57088190e+03  4.57088190e+03  0.00000000e+00  4.57088190e+03 -1.34469517e+01  4.57088190e+03 -1.35651664e+00 
 4.67735141e+03  4.67735141e+03  0.00000000e+00  4.67735141e+03 -1.36381043e+01  4.67735141e+03 -1.36125113e+00 
 4.78630092e+03  4.78630092e+03  0.00000000e+00  4.78630092e+03 -1.38296383e+01  4.78630092e+03 -1.36588709e+00 
 4.89778819e+03  4.89778819e+03  0.00000000e+00  4.89778819e+03 -1.40215378e+01  4.89778819e+03 -1.37042617e+00 
 5.01187234e+03  5.01187234e+03  0.00000000e+00  5.01187234e+03 -1.42137878e+01  5.01187234e+03 -1.37487003e+00 
 5.12861384e+03  5.12861384e+03  0.00000000e+00  5.12861384e+03 -1.44063737e+01  5.12861384e+03 -1.37922032e+00 
 5.24807460e+03  5.24807460e+03  0.00000000e+00  5.24807460e+03 -1.45992814e+01  5.24807460e+03 -1.38347870e+00 
 5.37031796e+03  5.37031796e+03  0.00000000e+00  5.37031796e+03 -1.47924975e+01  5.37031796e+03 -1.38764679e+00 
 5.49540874e+03  5.49540874e+03  0.00000000e+00  5.49540874e+03 -1.49860090e+01  5.49540874e+03 -1.39172623e+00 
 5.62341325e+03  5.62341325e+03  0.00000000e+00  5.62341325e+03 -1.51798035e+01  5.62341325e+03 -1.39571865e+00 
 5.75439937e+03  5.75439937e+03  0.00000000e+00  5.75439937e+03 -1.53738690e+01  5.75439937e+03 -1.39962564e+00 
 5.88843655e+03  5.88843655e+03  0.00000000e+00  5.88843655e+03 -1.55681940e+01  5.88843655e+03 -1.40344881e+00 
 6.02559586e+03  6.02559586e+03  0.00000000e+00  6.02559586e+03 -1.57627675e+01  6.02559586e+03 -1.40718972e+00 
 6.16595002e+03  6.16595002e+03  0.00000000e+00  6.16595002e+03 -1.59575789e+01  6.16595002e+03 -1.41084996e+00 
 6.30957344e+03  6.30957344e+03  0.00000000e+00  6.30957344e+03 -1.61526180e+01  6.30957344e+03 -1.41443106e+00 
 6.45654229e+03  6.45654229e+03  0.00000000e+00  6.45654229e+03 -1.63478751e+01  6.45654229e+03 -1.41793455e+00 
 6.60693448e+03  6.60693448e+03  0.00000000e+00  6.60693448e+03 -1.65433408e+01  6.60693448e+03 -1.42136195e+00 
 6.76082975e+03  6.76082975e+03  0.00000000e+00  6.76082975e+03 -1.67390062e+01  6.76082975e+03 -1.42471476e+00 
 6.91830971e+03  6.91830971e+03  0.00000000e+00  6.91830971e+03 -1.69348626e+01  6.91830971e+03 -1.42799445e+00 
 7.07945784e+03  7.07945784e+03  0.00000000e+00  7.07945784e+03 -1.71309019e+01  7.07945784e+03 -1.43120247e+00 
 7.24435960e+03  7.24435960e+03  0.00000000e+00  7.24435960e+03 -1.73271160e+01  7.24435960e+03 -1.43434027e+00 
 7.41310241e+03  7.41310241e+03  0.00000000e+00  7.41310241e+03 -1.75234974e+01  7.41310241e+03 -1.43740926e+00 
 7.58577575e+03  7.58577575e+03  0.00000000e+00  7.58577575e+03 -1.77200389e+01  7.58577575e+03 -1.44041083e+00 
 7.76247117e+03  7.76247117e+03  0.00000000e+00  7.76247117e+03 -1.79167334e+01  7.76247117e+03 -1.44334637e+00 
 7.94328235e+03  7.94328235e+03  0.00000000e+00  7.94328235e+03 -1.81135744e+01  7.94328235e+03 -1.44621721e+00 
 8.12830516e+03  8.12830516e+03  0.00000000e+00  8.12830516e+03 -1.83105554e+01  8.12830516e+03 -1.44902471e+00 
 8.31763771e+03  8.31763771e+03  0.00000000e+00  8.31763771e+03 -1.85076703e+01  8.31763771e+03 -1.45177017e+00 
 8.51138038e+03  8.51138038e+03  0.00000000e+00  8.51138038e+03 -1.87049133e+01  8.51138038e+03 -1.45445487e+00 
 8.70963590e+03  8.70963590e+03  0.00000000e+00  8.70963590e+03 -1.89022788e+01  8.70963590e+03 -1.45708009e+00 
 8.91250938e+03  8.91250938e+03  0.00000000e+00  8.91250938e+03 -1.90997613e+01  8.91250938e+03 -1.45964708e+00 
 9.12010839e+03  9.12010839e+03  0.00000000e+00  9.12010839e+03 -1.92973557e+01  9.12010839e+03 -1.46215706e+00 
 9.33254301e+03  9.33254301e+03  0.00000000e+00  9.33254301e+03 -1.94950572e+01  9.33254301e+03 -1.46461123e+00 
 9.54992586e+03  9.54992586e+03  0.00000000e+00  9.54992586e+03 -1.96928610e+01  9.54992586e+03 -1.46701078e+00 
 9.77237221e+03  9.77237221e+03  0.00000000e+00  9.77237221e+03 -1.98907626e+01  9.77237221e+03 -1.46935686e+00 
 1.00000000e+04  1.00000000e+04  0.00000000e+00  1.00000000e+04 -2.00887577e+01  1.00000000e+04 -1.47165063e+00 
 1.02329299e+04  1.02329299e+04  0.00000000e+00  1.02329299e+04 -2.02868422e+01  1.02329299e+04 -1.47389320e+00 
 1.04712855e+04  1.04712855e+04  0.00000000e+00  1.04712855e+04 -2.04850121e+01  1.04712855e+04 -1.47608567e+00 
 1.07151931e+04  1.07151931e+04  0.00000000e+00  1.07151931e+04 -2.06832636e+01  1.07151931e+04 -1.47822911e+00 
 1.09647820e+04  1.09647820e+04  0.00000000e+00  1.09647820e+04 -2.08815932e+01  1.09647820e+04 -1.48032458e+00 
 1.12201845e+04  1.12201845e+04  0.00000000e+00  1.12201845e+04 -2.10799974e+01  1.12201845e+04 -1.48237313e+00 
 1.14815362e+04  1.14815362e+04  0.00000000e+00  1.14815362e+04 -2.12784728e+01  1.14815362e+04 -1.48437577e+00 
 1.17489755e+04  1.17489755e+04  0.00000000e+00  1.17489755e+04 -2.14770164e+01  1.17489755e+04 -1.48633349e+00 
 1.20226443e+04  1.20226443e+04  0.00000000e+00  1.20226443e+04 -2.16756250e+01  1.20226443e+04 -1.48824727e+00 
 1.23026877e+04  1.23026877e+04  0.00000000e+00  1.23026877e+04 -2.18742959e+01  1.23026877e+04 -1.49011808e+00 
 1.25892541e+04  1.25892541e+04  0.00000000e+00  1.25892541e+04 -2.20730262e+01  1.25892541e+04 -1.49194685e+00 
 1.28824955e+04  1.28824955e+04  0.00000000e+00  1.28824955e+04 -2.22718133e+01  1.28824955e+04 -1.49373451e+00 
 1.31825674e+04  1.31825674e+04  0.00000000e+00  1.31825674e+04 -2.24706546e+01  1.31825674e+04 -1.49548194e+00 
 1.34896288e+04  1.34896288e+04  0.00000000e+00  1.34896288e+04 -2.26695479e+01  1.34896288e+04 -1.49719005e+00 
 1.38038426e+04  1.38038426e+04  0.00000000e+00  1.38038426e+04 -2.28684906e+01  1.38038426e+04 -1.49885969e+00 
 1.41253754e+04  1.41253754e+04  0.00000000e+00  1.41253754e+04 -2.30674808e+01  1.41253754e+04 -1.50049172e+00 
 1.44543977e+04  1.44543977e+04  0.00000000e+00  1.44543977e+04 -2.32665161e+01  1.44543977e+04 -1.50208696e+00 
 1.47910839e+04  1.47910839e+04  0.00000000e+00  1.47910839e+04 -2.34655947e+01  1.47910839e+04 -1.50364622e+00 
 1.51356125e+04  1.51356125e+04  0.00000000e+00  1.51356125e+04 -2.36647145e+01  1.51356125e+04 -1.50517031e+00 
 1.54881662e+04  1.54881662e+04  0.00000000e+00  1.54881662e+04 -2.38638738e+01  1.54881662e+04 -1.50666000e+00 
 1.58489319e+04  1.58489319e+04  0.00000000e+00  1.58489319e+04 -2.40630708e+01  1.58489319e+04 -1.50811605e+00 
 1.62181010e+04  1.62181010e+04  0.00000000e+00  1.62181010e+04 -2.42623038e+01  1.62181010e+04 -1.50953922e+00 
 1.65958691e+04  1.65958691e+04  0.00000000e+00  1.65958691e+04 -2.44615712e+01  1.65958691e+04 -1.51093024e+00 
 1.69824365e+04  1.69824365e+04  0.00000000e+00  1.69824365e+04 -2.46608715e+01  1.69824365e+04 -1.51228981e+00 
 1.73780083e+04  1.73780083e+04  0.00000000e+00  1.73780083e+04 -2.48602031e+01  1.73780083e+04 -1.51361865e+00 
 1.77827941e+04  1.77827941e+04  0.00000000e+00  1.77827941e+04 -2.50595647e+01  1.77827941e+04 -1.51491743e+00 
 1.81970086e+04  1.81970086e+04  0.00000000e+00  1.81970086e+04 -2.52589550e+01  1.81970086e+04 -1.51618684e+00 
 1.86208714e+04  1.86208714e+04  0.00000000e+00  1.86208714e+04 -2.54583726e+01  1.86208714e+04 -1.51742751e+00 
 1.90546072e+04  1.90546072e+04  0.00000000e+00  1.90546072e+04 -2.56578164e+01  1.90546072e+04 -1.51864011e+00 
 1.94984460e+04  1.94984460e+04  0.00000000e+00  1.94984460e+04 -2.58572851e+01  1.94984460e+04 -1.51982525e+00 
 1.99526231e+04  1.99526231e+04  0.00000000e+00  1.99526231e+04 -2.60567777e+01  1.99526231e+04 -1.52098355e+00 
 2.04173794e+04  2.04173794e+04  0.00000000e+00  2.04173794e+04 -2.62562930e+01  2.04173794e+04 -1.52211562e+00 
 2.08929613e+04  2.08929613e+04  0.00000000e+00  2.08929613e+04 -2.64558302e+01  2.08929613e+04 -1.52322204e+00 
 2.13796209e+04  2.13796209e+04  0.00000000e+00  2.13796209e+04 -2.66553881e+01  2.13796209e+04 -1.52430338e+00 
 2.18776162e+04  2.18776162e+04  0.00000000e+00  2.18776162e+04 -2.68549659e+01  2.18776162e+04 -1.52536022e+00 
 2.23872114e+04  2.23872114e+04  0.00000000e+00  2.23872114e+04 -2.70545626e+01  2.23872114e+04 -1.52639309e+00 
 2.29086765e+04  2.29086765e+04  0.00000000e+00  2.29086765e+04 -2.72541774e+01  2.29086765e+04 -1.52740255e+00 
 2.34422882e+04  2.34422882e+04  0.00000000e+00  2.34422882e+04 -2.74538096e+01  2.34422882e+04 -1.52838912e+00 
 2.39883292e+04  2.39883292e+04  0.00000000e+00  2.39883292e+04 -2.76534583e+01  2.39883292e+04 -1.52935331e+00 
 2.45470892e+04  2.45470892e+04  0.00000000e+00  2.45470892e+04 -2.78531227e+01  2.45470892e+04 -1.53029562e+00 
 2.51188643e+04  2.51188643e+04  0.00000000e+00  2.51188643e+04 -2.80528023e+01  2.51188643e+04 -1.53121656e+00 
 2.57039578e+04  2.57039578e+04  0.00000000e+00  2.57039578e+04 -2.82524962e+01  2.57039578e+04 -1.53211659e+00 
 2.63026799e+04  2.63026799e+04  0.00000000e+00  2.63026799e+04 -2.84522039e+01  2.63026799e+04 -1.53299620e+00 
 2.69153480e+04  2.69153480e+04  0.00000000e+00  2.69153480e+04 -2.86519247e+01  2.69153480e+04 -1.53385585e+00 
 2.75422870e+04  2.75422870e+04  0.00000000e+00  2.75422870e+04 -2.88516581e+01  2.75422870e+04 -1.53469598e+00 
 2.81838293e+04  2.81838293e+04  0.00000000e+00  2.81838293e+04 -2.90514035e+01  2.81838293e+04 -1.53551703e+00 
 2.88403150e+04  2.88403150e+04  0.00000000e+00  2.88403150e+04 -2.92511603e+01  2.88403150e+04 -1.53631944e+00 
 2.95120923e+04  2.95120923e+04  0.00000000e+00  2.95120923e+04 -2.94509281e+01  2.95120923e+04 -1.53710363e+00 
 3.01995172e+04  3.01995172e+04  0.00000000e+00  3.01995172e+04 -2.96507062e+01  3.01995172e+04 -1.53787001e+00 
 3.09029543e+04  3.09029543e+04  0.00000000e+00  3.09029543e+04 -2.98504944e+01  3.09029543e+04 -1.53861898e+00 
 3.16227766e+04  3.16227766e+04  0.00000000e+00  3.16227766e+04 -3.00502921e+01  3.16227766e+04 -1.53935094e+00 
 3.23593657e+04  3.23593657e+04  0.00000000e+00  3.23593657e+04 -3.02500989e+01  3.23593657e+04 -1.54006627e+00 
 3.31131121e+04  3.31131121e+04  0.00000000e+00  3.31131121e+04 -3.04499143e+01  3.31131121e+04 -1.54076534e+00 
 3.38844156e+04  3.38844156e+04  0.00000000e+00  3.38844156e+04 -3.06497381e+01  3.38844156e+04 -1.54144853e+00 
 3.46736850e+04  3.46736850e+04  0.00000000e+00  3.46736850e+04 -3.08495698e+01  3.46736850e+04 -1.54211620e+00 
 3.54813389e+04  3.54813389e+04  0.00000000e+00  3.54813389e+04 -3.10494091e+01  3.54813389e+04 -1.54276869e+00 
 3.63078055e+04  3.63078055e+04  0.00000000e+00  3.63078055e+04 -3.12492555e+01  3.63078055e+04 -1.54340636e+00 
 3.71535229e+04  3.71535229e+04  0.00000000e+00  3.71535229e+04 -3.14491089e+01  3.71535229e+04 -1.54402953e+00 
 3.80189396e+04  3.80189396e+04  0.00000000e+00  3.80189396e+04 -3.16489689e+01  3.80189396e+04 -1.54463853e+00 
 3.89045145e+04  3.89045145e+04  0.00000000e+00  3.89045145e+04 -3.18488352e+01  3.89045145e+04 -1.54523370e+00 
 3.98107171e+04  3.98107171e+04  0.00000000e+00  3.98107171e+04 -3.20487075e+01  3.98107171e+04 -1.54581533e+00 
 4.07380278e+04  4.07380278e+04  0.00000000e+00  4.07380278e+04 -3.22485856e+01  4.07380278e+04 -1.54638374e+00 
 4.16869383e+04  4.16869383e+04  0.00000000e+00  4.16869383e+04 -3.24484691e+01  4.16869383e+04 -1.54693922e+00 
 4.26579519e+04  4.26579519e+04  0.00000000e+00  4.26579519e+04 -3.26483579e+01  4.26579519e+04 -1.54748208e+00 
 4.36515832e+04  4.36515832e+04  0.00000000e+00  4.36515832e+04 -3.28482516e+01  4.36515832e+04 -1.54801259e+00 
 4.46683592e+04  4.46683592e+04  0.00000000e+00  4.46683592e+04 -3.30481502e+01  4.46683592e+04 -1.54853104e+00 
 4.57088190e+04  4.57088190e+04  0.00000000e+00  4.57088190e+04 -3.32480533e+01  4.57088190e+04 -1.54903769e+00 
 4.67735141e+04  4.67735141e+04  0.00000000e+00  4.67735141e+04 -3.34479608e+01  4.67735141e+04 -1.54953283e+00 
 4.78630092e+04  4.78630092e+04  0.00000000e+00  4.78630092e+04 -3.36478724e+01  4.78630092e+04 -1.55001671e+00 
 4.89778819e+04  4.89778819e+04  0.00000000e+00  4.89778819e+04 -3.38477880e+01  4.89778819e+04 -1.55048958e+00 
 5.01187234e+04  5.01187234e+04  0.00000000e+00  5.01187234e+04 -3.40477074e+01  5.01187234e+04 -1.55095169e+00 
 5.12861384e+04  5.12861384e+04  0.00000000e+00  5.12861384e+04 -3.42476305e+01  5.12861384e+04 -1.55140330e+00 
 5.24807460e+04  5.24807460e+04  0.00000000e+00  5.24807460e+04 -3.44475570e+01  5.24807460e+04 -1.55184463e+00 
 5.37031796e+04  5.37031796e+04  0.00000000e+00  5.37031796e+04 -3.46474868e+01  5.37031796e+04 -1.55227592e+00 
 5.49540874e+04  5.49540874e+04  0.00000000e+00  5.49540874e+04 -3.48474197e+01  5.49540874e+04 -1.55269740e+00 
 5.62341325e+04  5.62341325e+04  0.00000000e+00  5.62341325e+04 -3.50473557e+01  5.62341325e+04 -1.55310930e+00 
 5.75439937e+04  5.75439937e+04  0.00000000e+00  5.75439937e+04 -3.52472946e+01  5.75439937e+04 -1.55351182e+00 
 5.88843655e+04  5.88843655e+04  0.00000000e+00  5.88843655e+04 -3.54472362e+01  5.88843655e+04 -1.55390519e+00 
 6.02559586e+04  6.02559586e+04  0.00000000e+00  6.02559586e+04 -3.56471804e+01  6.02559586e+04 -1.55428961e+00 
 6.16595002e+04  6.16595002e+04  0.00000000e+00  6.16595002e+04 -3.58471271e+01  6.16595002e+04 -1.55466528e+00 
 6.30957344e+04  6.30957344e+04  0.00000000e+00  6.30957344e+04 -3.60470763e+01  6.30957344e+04 -1.55503241e+00 
 6.45654229e+04  6.45654229e+04  0.00000000e+00  6.45654229e+04 -3.62470277e+01  6.45654229e+04 -1.55539118e+00 
 6.60693448e+04  6.60693448e+04  0.00000000e+00  6.60693448e+04 -3.64469813e+01  6.60693448e+04 -1.55574179e+00 
 6.76082975e+04  6.76082975e+04  0.00000000e+00  6.76082975e+04 -3.66469370e+01  6.76082975e+04 -1.55608443e+00 
 6.91830971e+04  6.91830971e+04  0.00000000e+00  6.91830971e+04 -3.68468947e+01  6.91830971e+04 -1.55641926e+00 
 7.07945784e+04  7.07945784e+04  0.00000000e+00  7.07945784e+04 -3.70468543e+01  7.07945784e+04 -1.55674648e+00 
 7.24435960e+04  7.24435960e+04  0.00000000e+00  7.24435960e+04 -3.72468158e+01  7.24435960e+04 -1.55706625e+00 
 7.41310241e+04  7.41310241e+04  0.00000000e+00  7.41310241e+04 -3.74467789e+01  7.41310241e+04 -1.55737875e+00 
 7.58577575e+04  7.58577575e+04  0.00000000e+00  7.58577575e+04 -3.76467437e+01  7.58577575e+04 -1.55768414e+00 
 7.76247117e+04  7.76247117e+04  0.00000000e+00  7.76247117e+04 -3.78467101e+01  7.76247117e+04 -1.55798257e+00 
 7.94328235e+04  7.94328235e+04  0.00000000e+00  7.94328235e+04 -3.80466780e+01  7.94328235e+04 -1.55827422e+00 
 8.12830516e+04  8.12830516e+04  0.00000000e+00  8.12830516e+04 -3.82466474e+01  8.12830516e+04 -1.55855923e+00 
 8.31763771e+04  8.31763771e+04  0.00000000e+00  8.31763771e+04 -3.84466181e+01  8.31763771e+04 -1.55883775e+00 
 8.51138038e+04  8.51138038e+04  0.00000000e+00  8.51138038e+04 -3.86465902e+01  8.51138038e+04 -1.55910994e+00 
 8.70963590e+04  8.70963590e+04  0.00000000e+00  8.70963590e+04 -3.88465635e+01  8.70963590e+04 -1.55937593e+00 
 8.91250938e+04  8.91250938e+04  0.00000000e+00  8.91250938e+04 -3.90465380e+01  8.91250938e+04 -1.55963587e+00 
 9.12010839e+04  9.12010839e+04  0.00000000e+00  9.12010839e+04 -3.92465136e+01  9.12010839e+04 -1.55988989e+00 
 9.33254301e+04  9.33254301e+04  0.00000000e+00  9.33254301e+04 -3.94464904e+01  9.33254301e+04 -1.56013813e+00 
 9.54992586e+04  9.54992586e+04  0.00000000e+00  9.54992586e+04 -3.96464682e+01  9.54992586e+04 -1.56038072e+00 
 9.77237221e+04  9.77237221e+04  0.00000000e+00  9.77237221e+04 -3.98464470e+01  9.77237221e+04 -1.56061779e+00 
 1.00000000e+05  1.00000000e+05  0.00000000e+00  1.00000000e+05 -4.00464267e+01  1.00000000e+05 -1.56084947e+00 
